1685729673.551792,3
1685729673.654841,5
1685729673.759725,6
1685729673.872455,7
1685729673.988618,9
1685729674.101888,10
1685729674.206889,10
1685729674.320308,10
1685729674.434185,9
1685729674.547031,11
1685729674.661498,10
1685729674.775384,11
1685729674.888433,14
1685729675.001885,16
1685729675.116226,16
1685729675.231805,16
1685729675.344580,16
1685729675.457758,14
1685729675.573016,16
1685729675.682159,15
1685729675.790029,15
1685729675.896258,14
1685729676.012006,16
1685729676.117334,17
1685729676.229677,15
1685729676.342941,14
1685729676.455816,15
1685729676.566652,14
1685729676.681049,16
1685729676.796396,15
1685729676.910026,16
1685729677.026030,15
1685729677.150659,17
1685729677.264971,16
1685729677.379070,17
1685729677.493211,15
1685729677.598352,17
1685729677.712452,13
1685729677.826123,13
1685729677.940387,9
1685729678.054821,16
1685729678.169122,13
1685729678.282336,13
1685729678.386456,14
1685729678.499067,14
1685729678.613009,12
1685729678.726944,11
1685729678.839818,12
1685729678.952849,13
1685729679.068454,12
1685729679.183674,12
1685729679.297727,9
1685729679.412347,6
1685729679.526598,6
1685729679.631400,7
1685729679.736546,7
1685729679.841468,7
1685729679.945308,6
1685729680.066648,8
1685729680.181421,7
1685729680.295262,6
1685729680.408406,6
1685729680.522124,5
1685729680.628652,6
1685729680.735316,5
1685729680.845310,6
1685729680.958684,4
1685729681.073592,5
1685729681.177267,5
1685729681.292418,5
1685729681.407616,6
1685729681.521943,6
1685729681.637550,6
1685729681.752823,5
1685729681.866112,4
1685729681.981074,6
1685729682.094909,5
1685729682.208583,6
1685729682.323461,5
1685729682.436820,6
1685729682.550241,6
1685729682.663184,5
1685729682.770025,5
1685729682.884085,6
1685729682.997077,5
1685729683.110502,6
1685729683.216415,6
1685729683.320887,6
1685729683.431812,5
1685729683.539847,6
1685729683.643722,2
1685729683.747832,2
1685729683.851792,2
1685729683.962002,4
1685729684.073182,7
1685729684.189970,7
1685729684.305248,9
1685729684.418547,10
1685729684.532579,8
1685729684.637454,10
1685729684.751563,9
1685729684.860064,9
1685729684.965866,10
1685729685.085369,8
1685729685.199089,11
1685729685.307474,11
1685729685.411406,10
1685729685.516711,9
1685729685.629240,9
1685729685.745351,10
1685729685.849569,9
1685729685.953205,8
1685729686.068317,9
1685729686.182091,9
1685729686.295825,10
1685729686.412573,10
1685729686.528350,10
1685729686.644920,10
1685729686.758813,8
1685729686.864104,8
1685729686.978785,9
1685729687.094001,9
1685729687.201906,10
1685729687.312253,10
1685729687.421019,10
1685729687.526019,12
1685729687.631785,11
1685729687.735144,9
1685729687.846855,9
1685729687.950596,10
1685729688.054162,9
1685729688.159011,8
1685729688.265636,9
1685729688.369252,9
1685729688.480781,9
1685729688.584504,9
1685729688.700401,9
1685729688.815319,10
1685729688.922198,10
1685729689.037537,10
1685729689.141183,9
1685729689.255436,10
1685729689.369475,9
1685729689.484486,8
1685729689.598586,9
1685729689.702723,9
1685729689.806192,9
1685729689.910522,9
1685729690.013517,8
1685729690.126757,11
1685729690.239786,10
1685729690.353024,10
1685729690.456453,9
1685729690.561760,10
1685729690.674760,10
1685729690.783087,10
1685729690.889574,9
1685729691.002233,9
1685729691.115064,8
1685729691.228289,11
1685729691.341521,9
1685729691.455281,9
1685729691.561327,9
1685729691.672496,9
1685729691.779273,8
1685729691.885797,8
1685729691.990935,9
1685729692.104254,9
1685729692.217454,8
1685729692.331141,10
1685729692.444591,9
1685729692.558582,9
1685729692.671979,9
1685729692.784910,8
1685729692.888510,9
1685729693.001169,10
1685729693.114265,9
1685729693.227321,8
1685729693.330906,9
1685729693.441164,10
1685729693.554305,9
1685729693.667971,9
1685729693.781243,9
1685729693.894135,6
1685729694.007323,2
1685729694.120690,2
1685729694.235704,2
1685729694.342875,3
1685729694.455491,5
1685729694.568815,7
1685729694.681890,6
1685729694.794750,7
1685729694.908132,5
1685729695.013413,6
1685729695.126204,8
1685729695.240756,5
1685729695.354541,8
1685729695.458714,7
1685729695.572428,8
1685729695.682407,9
1685729695.795952,8
1685729695.900533,10
1685729696.013509,10
1685729696.117234,10
1685729696.232101,10
1685729696.343171,10
1685729696.448855,10
1685729696.561745,10
1685729696.675211,10
1685729696.788568,8
1685729696.894675,9
1685729697.001586,9
1685729697.116496,10
1685729697.222765,9
1685729697.335593,9
1685729697.448793,8
1685729697.565589,10
1685729697.670120,10
1685729697.774655,10
1685729697.878715,10
1685729697.983248,10
1685729698.096107,8
1685729698.211399,8
1685729698.323336,7
1685729698.437513,8
1685729698.551243,8
1685729698.658212,8
1685729698.765164,9
1685729698.877812,9
1685729698.982918,8
1685729699.096959,9
1685729699.211892,8
1685729699.324514,9
1685729699.437476,7
1685729699.550436,9
1685729699.655973,8
1685729699.759112,8
1685729699.872602,9
1685729699.977758,10
1685729700.091579,10
1685729700.204639,8
1685729700.318703,9
1685729700.431720,9
1685729700.544581,8
1685729700.657457,9
1685729700.770694,9
1685729700.876015,9
1685729700.988769,10
1685729701.101644,10
1685729701.214964,8
1685729701.341693,8
1685729701.454571,10
1685729701.559915,10
1685729701.663231,10
1685729701.775936,9
1685729701.882445,9
1685729701.996270,9
1685729702.104316,10
1685729702.218529,9
1685729702.331747,8
1685729702.444818,9
1685729702.558796,9
1685729702.671886,8
1685729702.785992,9
1685729702.899536,11
1685729703.012643,10
1685729703.126206,9
1685729703.239810,9
1685729703.353130,9
1685729703.461017,9
1685729703.574785,9
1685729703.688953,9
1685729703.802760,9
1685729703.911224,10
1685729704.024331,7
1685729704.132167,7
1685729704.245277,3
1685729704.358550,2
1685729704.471695,2
1685729704.585400,2
1685729704.698754,4
1685729704.812271,6
1685729704.925313,5
1685729705.038305,7
1685729705.151429,6
1685729705.263965,6
1685729705.369693,7
1685729705.482559,6
1685729705.596520,8
1685729705.714128,8
1685729705.827970,7
1685729705.940900,10
1685729706.053899,8
1685729706.167133,9
1685729706.280260,9
1685729706.393221,8
1685729706.505933,11
1685729706.619391,10
1685729706.732577,10
1685729706.838625,9
1685729706.965068,10
1685729707.068852,10
1685729707.183393,10
1685729707.297666,9
1685729707.404517,9
1685729707.520791,10
1685729707.634319,9
1685729707.748192,8
1685729707.862922,9
1685729707.979050,9
1685729708.093257,9
1685729708.203138,8
1685729708.308018,10
1685729708.411462,8
1685729708.524731,11
1685729708.638138,10
1685729708.752803,9
1685729708.860439,9
1685729708.964167,9
1685729709.068116,8
1685729709.172219,10
1685729709.277085,9
1685729709.389854,10
1685729709.502714,9
1685729709.615497,9
1685729709.719705,8
1685729709.829288,10
1685729709.941170,10
1685729710.055595,9
1685729710.162982,8
1685729710.278224,10
1685729710.391723,9
1685729710.505603,9
1685729710.618952,9
1685729710.725876,8
1685729710.838996,10
1685729710.951931,11
1685729711.061272,10
1685729711.170602,9
1685729711.283516,9
1685729711.396473,9
1685729711.510233,8
1685729711.624053,9
1685729711.737805,10
1685729711.854112,10
1685729711.967767,8
1685729712.082097,9
1685729712.195199,8
1685729712.302744,9
1685729712.415588,10
1685729712.527303,9
1685729712.631729,11
1685729712.735673,9
1685729712.848300,10
1685729712.961350,10
1685729713.073780,10
1685729713.186967,10
1685729713.300030,9
1685729713.410861,9
1685729713.524260,10
1685729713.639399,9
1685729713.754431,10
1685729713.868534,9
1685729713.983656,9
1685729714.098991,8
1685729714.214734,9
1685729714.329719,8
1685729714.443293,9
1685729714.547637,3
1685729714.651387,2
1685729714.755290,2
1685729714.861408,3
1685729714.967440,4
1685729715.083761,6
1685729715.188479,5
1685729715.295881,5
1685729715.400129,7
1685729715.504729,6
1685729715.610262,6
1685729715.729273,6
1685729715.834949,7
1685729715.939114,8
1685729716.044356,7
1685729716.151187,9
1685729716.256074,9
1685729716.360360,9
1685729716.464842,8
1685729716.571870,10
1685729716.685678,9
1685729716.790486,11
1685729716.894121,8
1685729716.998775,9
1685729717.104089,10
1685729717.208189,10
1685729717.312850,10
1685729717.417380,8
1685729717.522129,8
1685729717.638886,9
1685729717.742483,11
1685729717.856645,10
1685729717.963079,10
1685729718.069062,8
1685729718.173517,10
1685729718.278071,10
1685729718.383116,10
1685729718.487105,10
1685729718.595423,9
1685729718.699489,10
1685729718.803196,11
1685729718.906507,9
1685729719.011334,9
1685729719.115588,8
1685729719.229552,9
1685729719.343289,9
1685729719.456540,9
1685729719.572172,9
1685729719.688351,11
1685729719.803088,11
1685729719.917704,9
1685729720.032391,10
1685729720.145368,10
1685729720.250462,9
1685729720.357466,9
1685729720.468489,9
1685729720.577579,9
1685729720.689010,10
1685729720.804241,10
1685729720.921263,9
1685729721.026053,9
1685729721.131174,9
1685729721.236302,9
1685729721.342891,9
1685729721.447958,9
1685729721.554315,8
1685729721.661119,9
1685729721.775463,9
1685729721.890665,9
1685729721.995811,10
1685729722.099563,11
1685729722.216902,10
1685729722.332202,10
1685729722.448787,8
1685729722.563938,9
1685729722.678592,9
1685729722.793656,9
1685729722.898699,10
1685729723.012880,10
1685729723.125322,8
1685729723.228622,11
1685729723.359582,9
1685729723.472964,10
1685729723.580628,10
1685729723.684443,9
1685729723.796972,8
1685729723.901297,8
1685729724.014684,10
1685729724.127886,10
1685729724.242444,9
1685729724.349905,8
1685729724.462828,9
1685729724.576076,9
1685729724.689436,10
1685729724.803623,4
1685729724.916954,3
1685729725.030317,3
1685729725.134771,3
1685729725.248780,5
1685729725.362602,6
1685729725.475809,5
1685729725.589129,6
1685729725.701937,5
1685729725.815379,7
1685729725.929084,8
1685729726.042104,7
1685729726.152143,9
1685729726.264870,7
1685729726.382289,8
1685729726.495091,10
1685729726.608488,9
1685729726.718110,10
1685729726.831924,10
1685729726.945212,10
1685729727.051584,9
1685729727.161936,9
1685729727.275030,9
1685729727.378616,9
1685729727.491452,8
1685729727.604630,9
1685729727.708116,8
1685729727.820971,10
1685729727.934260,10
1685729728.047259,9
1685729728.160526,10
1685729728.264996,10
1685729728.376173,9
1685729728.492284,9
1685729728.605535,8
1685729728.712536,10
1685729728.844125,10
1685729728.957487,11
1685729729.066747,9
1685729729.170483,10
1685729729.283955,9
1685729729.397542,8
1685729729.510721,9
1685729729.625636,8
1685729729.739297,10
1685729729.852689,9
1685729729.960029,10
1685729730.072886,8
1685729730.187977,9
1685729730.302580,9
1685729730.416041,9
1685729730.529281,8
1685729730.642590,9
1685729730.757090,9
1685729730.869677,10
1685729730.982956,9
1685729731.095883,9
1685729731.202443,8
1685729731.315315,9
1685729731.428989,8
1685729731.533088,9
1685729731.639633,9
1685729731.752321,8
1685729731.865366,10
1685729731.979684,9
1685729732.090766,9
1685729732.203426,10
1685729732.317191,8
1685729732.428728,9
1685729732.532527,9
1685729732.645002,9
1685729732.758238,9
1685729732.866064,10
1685729732.979066,10
1685729733.092365,10
1685729733.205876,8
1685729733.319423,9
1685729733.426294,9
1685729733.539074,9
1685729733.652020,8
1685729733.765269,8
1685729733.870905,10
1685729733.974466,10
1685729734.087101,9
1685729734.193292,10
1685729734.307449,10
1685729734.420534,9
1685729734.526058,9
1685729734.635425,9
1685729734.756427,9
1685729734.871387,9
1685729734.984805,10
1685729735.098202,6
1685729735.212259,2
1685729735.326981,2
1685729735.437862,3
1685729735.553326,5
1685729735.658064,4
1685729735.771054,5
1685729735.874543,7
1685729735.987211,7
1685729736.099990,9
1685729736.212855,7
1685729736.319585,9
1685729736.433141,10
1685729736.546340,9
1685729736.659257,9
1685729736.766345,9
1685729736.878971,9
1685729736.991852,10
1685729737.104843,9
1685729737.217917,10
1685729737.331948,9
1685729737.445121,9
1685729737.558264,8
1685729737.671531,8
1685729737.784689,8
1685729737.888358,9
1685729738.002196,9
1685729738.117697,8
1685729738.230905,9
1685729738.338816,9
1685729738.451630,8
1685729738.564657,9
1685729738.677773,9
1685729738.790926,9
1685729738.904216,9
1685729739.017403,10
1685729739.131491,8
1685729739.246290,9
1685729739.360734,9
1685729739.474195,9
1685729739.587526,8
1685729739.693369,9
1685729739.827240,9
1685729739.940265,9
1685729740.047495,10
1685729740.152665,8
1685729740.265293,9
1685729740.378195,9
1685729740.490983,10
1685729740.603561,9
1685729740.716812,11
1685729740.829868,9
1685729740.943125,8
1685729741.055541,9
1685729741.168738,9
1685729741.284640,9
1685729741.388082,11
1685729741.500787,9
1685729741.607514,10
1685729741.720675,9
1685729741.833527,10
1685729741.946281,10
1685729742.059394,9
1685729742.172138,9
1685729742.294545,9
1685729742.407459,9
1685729742.520534,9
1685729742.632722,10
1685729742.745565,10
1685729742.859826,8
1685729742.972735,8
1685729743.085621,9
1685729743.198587,9
1685729743.311562,9
1685729743.424225,9
1685729743.537309,10
1685729743.650037,9
1685729743.763626,8
1685729743.876328,8
1685729743.988838,9
1685729744.102602,9
1685729744.215378,8
1685729744.328574,9
1685729744.441674,10
1685729744.555004,8
1685729744.668182,9
1685729744.781500,9
1685729744.884959,10
1685729744.997998,9
1685729745.114551,9
1685729745.227540,10
1685729745.337345,10
1685729745.449148,4
1685729745.553393,3
1685729745.666187,3
1685729745.779041,4
1685729745.892214,6
1685729746.004969,5
1685729746.117559,6
1685729746.230803,4
1685729746.344046,5
1685729746.457005,7
1685729746.570012,7
1685729746.683240,9
1685729746.796128,7
1685729746.909271,8
1685729747.022180,9
1685729747.135191,9
1685729747.248030,9
1685729747.361691,11
1685729747.474687,10
1685729747.587918,10
1685729747.700829,10
1685729747.813730,9
1685729747.926494,9
1685729748.039577,9
1685729748.153151,9
1685729748.266562,9
1685729748.379544,9
1685729748.492952,9
1685729748.605976,9
1685729748.719198,8
1685729748.832349,9
1685729748.945498,9
1685729749.058696,9
1685729749.171836,9
1685729749.285005,10
1685729749.398572,9
1685729749.511577,9
1685729749.624083,9
1685729749.730867,9
1685729749.843128,8
1685729749.956251,9
1685729750.069985,9
1685729750.183005,10
1685729750.296543,9
1685729750.410295,9
1685729750.513871,9
1685729750.625583,10
1685729750.738240,10
1685729750.845445,9
1685729750.963538,10
1685729751.070050,9
1685729751.183792,9
1685729751.296494,11
1685729751.409261,9
1685729751.529471,8
1685729751.643806,9
1685729751.757578,9
1685729751.870859,9
1685729751.979110,9
1685729752.091936,10
1685729752.204618,11
1685729752.309785,11
1685729752.424119,9
1685729752.537726,9
1685729752.651894,9
1685729752.764958,10
1685729752.878170,9
1685729752.991443,10
1685729753.104305,9
1685729753.217608,9
1685729753.323040,8
1685729753.435959,9
1685729753.548900,9
1685729753.662974,9
1685729753.769873,9
1685729753.883514,9
1685729753.996732,9
1685729754.109949,9
1685729754.222932,9
1685729754.326571,9
1685729754.439030,8
1685729754.551709,9
1685729754.655594,8
1685729754.768057,9
1685729754.882605,9
1685729754.995916,10
1685729755.108917,9
1685729755.222243,9
1685729755.325918,8
1685729755.438502,10
1685729755.551668,9
1685729755.665146,8
1685729755.777943,3
1685729755.893978,3
1685729756.005990,4
1685729756.113188,6
1685729756.230794,7
1685729756.344030,5
1685729756.457738,6
1685729756.571310,6
1685729756.685203,5
1685729756.801780,7
1685729756.914587,7
1685729757.027462,9
1685729757.140857,7
1685729757.254076,8
1685729757.368137,10
1685729757.480972,8
1685729757.594094,8
1685729757.708240,10
1685729757.821129,10
1685729757.934760,9
1685729758.048079,10
1685729758.161993,8
1685729758.276033,9
1685729758.391199,9
1685729758.504664,9
1685729758.618238,10
1685729758.731711,11
1685729758.844841,10
1685729758.958213,10
1685729759.071569,9
1685729759.184707,9
1685729759.298033,9
1685729759.411256,10
1685729759.524702,11
1685729759.637989,10
1685729759.751870,9
1685729759.865530,8
1685729759.978266,9
1685729760.091924,9
1685729760.204978,9
1685729760.317931,9
1685729760.430771,10
1685729760.543792,10
1685729760.657026,8
1685729760.770274,10
1685729760.877460,9
1685729760.991939,8
1685729761.105520,10
1685729761.218534,9
1685729761.331743,11
1685729761.436846,11
1685729761.545518,10
1685729761.658539,11
1685729761.768957,9
1685729761.882434,9
1685729761.996322,9
1685729762.109960,8
1685729762.221951,9
1685729762.335420,9
1685729762.448444,9
1685729762.562502,8
1685729762.667348,10
1685729762.773833,10
1685729762.886649,9
1685729763.001547,8
1685729763.115437,9
1685729763.228721,10
1685729763.343188,10
1685729763.456092,10
1685729763.569056,11
1685729763.682185,9
1685729763.795268,10
1685729763.898993,9
1685729764.011498,9
1685729764.124110,9
1685729764.237068,11
1685729764.350076,11
1685729764.463058,9
1685729764.576088,10
1685729764.689278,9
1685729764.802309,9
1685729764.915520,9
1685729765.029692,9
1685729765.135251,9
1685729765.248824,8
1685729765.362520,10
1685729765.475702,10
1685729765.580159,10
1685729765.693718,9
1685729765.808435,8
1685729765.921999,9
1685729766.034708,5
1685729766.148450,2
1685729766.261888,2
1685729766.375664,5
1685729766.488544,8
1685729766.601503,6
1685729766.720999,7
1685729766.854740,6
1685729766.987266,7
1685729767.105150,7
1685729767.213050,6
1685729767.326459,8
1685729767.439728,7
1685729767.552593,8
1685729767.657000,9
1685729767.769328,8
1685729767.882680,11
1685729767.996108,8
1685729768.109434,10
1685729768.222780,11
1685729768.337257,9
1685729768.444729,11
1685729768.557425,10
1685729768.671263,10
1685729768.779021,11
1685729768.885058,10
1685729768.998939,12
1685729769.111932,11
1685729769.224775,11
1685729769.337861,10
1685729769.451885,10
1685729769.565198,10
1685729769.679187,10
1685729769.792271,11
1685729769.902459,12
1685729770.015313,11
1685729770.128313,12
1685729770.241859,10
1685729770.355084,11
1685729770.468544,11
1685729770.581819,10
1685729770.695113,11
1685729770.808383,11
1685729770.921551,11
1685729771.034669,11
1685729771.138134,12
1685729771.251074,10
1685729771.364613,10
1685729771.477631,10
1685729771.591011,9
1685729771.704287,10
1685729771.817223,11
1685729771.930640,11
1685729772.043883,12
1685729772.150034,11
1685729772.264183,11
1685729772.378213,10
1685729772.483514,11
1685729772.596320,11
1685729772.705435,10
1685729772.819089,10
1685729772.934150,11
1685729773.047059,11
1685729773.151252,10
1685729773.264012,10
1685729773.376936,10
1685729773.489814,9
1685729773.602863,10
1685729773.716111,10
1685729773.829150,11
1685729773.942514,11
1685729774.055382,11
1685729774.168791,10
1685729774.281771,10
1685729774.394659,10
1685729774.504788,11
1685729774.617821,11
1685729774.730875,11
1685729774.843977,11
1685729774.957237,12
1685729775.072088,12
1685729775.186958,10
1685729775.299726,10
1685729775.412758,10
1685729775.526346,10
1685729775.639424,11
1685729775.752758,11
1685729775.866046,11
1685729775.978782,11
1685729776.092072,10
1685729776.196743,9
1685729776.309550,9
1685729776.422846,3
1685729776.536309,3
1685729776.649602,3
1685729776.763056,3
1685729776.876325,5
1685729776.984123,7
1685729777.096406,6
1685729777.209203,7
1685729777.322062,4
1685729777.444198,6
1685729777.555898,6
1685729777.664681,7
1685729777.771950,8
1685729777.903758,7
1685729778.016204,11
1685729778.128320,8
1685729778.241833,11
1685729778.354768,10
1685729778.467525,10
1685729778.580770,8
1685729778.694524,9
1685729778.807443,9
1685729778.920400,10
1685729779.032376,10
1685729779.136761,9
1685729779.249255,10
1685729779.361906,11
1685729779.474994,9
1685729779.588747,8
1685729779.701879,9
1685729779.814850,9
1685729779.924935,9
1685729780.040482,9
1685729780.153643,9
1685729780.266525,10
1685729780.379215,10
1685729780.492505,10
1685729780.608875,8
1685729780.722034,9
1685729780.835086,9
1685729780.948087,9
1685729781.058397,8
1685729781.171264,9
1685729781.284491,10
1685729781.388084,8
1685729781.501124,10
1685729781.614192,9
1685729781.727512,9
1685729781.840535,9
1685729781.953561,9
1685729782.066515,10
1685729782.173971,10
1685729782.287848,9
1685729782.401691,10
1685729782.515337,9
1685729782.629846,10
1685729782.733175,9
1685729782.836467,8
1685729782.949252,9
1685729783.063897,9
1685729783.179071,11
1685729783.282936,11
1685729783.385962,10
1685729783.489242,11
1685729783.592892,9
1685729783.696501,10
1685729783.809856,9
1685729783.916977,9
1685729784.029789,8
1685729784.133662,10
1685729784.241347,8
1685729784.353989,8
1685729784.467489,9
1685729784.581320,9
1685729784.689776,10
1685729784.802661,8
1685729784.906841,8
1685729785.019662,9
1685729785.132644,8
1685729785.245535,10
1685729785.358555,9
1685729785.471369,9
1685729785.584547,9
1685729785.698514,11
1685729785.806268,10
1685729785.910625,10
1685729786.024867,9
1685729786.135403,9
1685729786.249945,10
1685729786.363241,10
1685729786.475789,9
1685729786.589501,9
1685729786.704221,5
1685729786.811317,4
1685729786.924043,3
1685729787.037330,4
1685729787.141218,5
1685729787.253640,7
1685729787.367023,5
1685729787.477233,6
1685729787.581548,4
1685729787.693840,6
1685729787.807143,8
1685729787.919884,7
1685729788.032533,8
1685729788.145413,7
1685729788.258819,8
1685729788.363888,9
1685729788.477474,9
1685729788.584928,10
1685729788.688532,10
1685729788.795518,10
1685729788.907985,11
1685729789.011703,8
1685729789.124553,10
1685729789.235962,9
1685729789.348467,10
1685729789.461174,9
1685729789.574134,9
1685729789.687721,9
1685729789.800941,9
1685729789.914153,9
1685729790.028487,9
1685729790.141704,10
1685729790.254112,10
1685729790.368035,8
1685729790.481459,8
1685729790.595527,9
1685729790.698951,9
1685729790.810994,9
1685729790.923840,9
1685729791.036515,10
1685729791.149080,9
1685729791.252514,10
1685729791.366018,9
1685729791.479042,8
1685729791.592019,10
1685729791.705518,9
1685729791.818432,9
1685729791.924245,8
1685729792.036884,10
1685729792.150008,10
1685729792.262834,11
1685729792.376324,9
1685729792.499952,8
1685729792.607427,8
1685729792.720433,9
1685729792.833144,8
1685729792.946805,10
1685729793.059982,11
1685729793.174042,11
1685729793.286500,9
1685729793.399001,9
1685729793.511941,9
1685729793.625053,8
1685729793.737890,9
1685729793.851289,9
1685729793.968083,11
1685729794.080895,9
1685729794.193941,10
1685729794.299608,10
1685729794.412924,10
1685729794.526147,9
1685729794.639830,9
1685729794.753739,10
1685729794.866587,9
1685729794.979892,9
1685729795.092970,10
1685729795.206136,8
1685729795.319534,9
1685729795.432523,8
1685729795.545288,9
1685729795.650344,9
1685729795.757460,10
1685729795.871221,10
1685729795.985745,9
1685729796.099971,8
1685729796.213537,9
1685729796.326748,9
1685729796.433514,9
1685729796.546807,9
1685729796.653467,8
1685729796.767317,10
1685729796.879978,11
1685729796.995652,5
1685729797.109508,3
1685729797.223350,2
1685729797.330937,5
1685729797.443742,6
1685729797.557367,4
1685729797.664079,6
1685729797.771518,5
1685729797.884320,6
1685729797.997739,6
1685729798.111063,6
1685729798.224811,8
1685729798.329398,7
1685729798.441761,8
1685729798.554470,10
1685729798.667397,8
1685729798.775273,10
1685729798.888658,10
1685729799.002014,9
1685729799.115617,8
1685729799.228668,9
1685729799.341888,9
1685729799.447638,10
1685729799.557133,9
1685729799.670635,9
1685729799.775833,10
1685729799.889385,10
1685729800.003982,10
1685729800.118174,9
1685729800.231472,8
1685729800.344903,9
1685729800.458308,8
1685729800.571709,8
1685729800.679014,9
1685729800.793210,10
1685729800.896563,10
1685729801.009400,9
1685729801.122658,9
1685729801.235410,10
1685729801.348689,8
1685729801.462327,10
1685729801.571594,8
1685729801.686284,9
1685729801.801118,10
1685729801.914624,10
1685729802.028171,10
1685729802.136389,9
1685729802.249036,9
1685729802.365393,9
1685729802.479727,8
1685729802.594021,9
1685729802.708927,10
1685729802.822054,10
1685729802.935401,9
1685729803.048311,8
1685729803.161075,9
1685729803.274615,9
1685729803.387670,9
1685729803.500864,9
1685729803.606155,9
1685729803.720101,10
1685729803.833459,11
1685729803.946258,8
1685729804.059460,9
1685729804.172418,9
1685729804.285168,9
1685729804.399410,8
1685729804.507069,9
1685729804.612539,10
1685729804.726182,10
1685729804.839476,10
1685729804.945433,10
1685729805.073752,9
1685729805.187968,10
1685729805.295103,10
1685729805.400017,10
1685729805.512961,9
1685729805.618925,9
1685729805.732710,10
1685729805.845955,10
1685729805.959333,10
1685729806.072613,9
1685729806.187697,8
1685729806.301836,9
1685729806.415088,10
1685729806.527877,10
1685729806.632246,9
1685729806.744845,11
1685729806.858278,9
1685729806.963041,10
1685729807.076017,8
1685729807.189198,9
1685729807.302717,4
1685729807.415870,3
1685729807.523628,2
1685729807.627611,3
1685729807.740416,6
1685729807.853729,5
1685729807.967057,6
1685729808.080342,7
1685729808.186468,5
1685729808.299521,8
1685729808.412498,6
1685729808.525312,8
1685729808.636356,7
1685729808.749063,7
1685729808.865403,9
1685729808.978195,9
1685729809.090927,9
1685729809.204112,9
1685729809.317270,10
1685729809.430752,9
1685729809.544346,9
1685729809.657403,9
1685729809.765738,9
1685729809.878736,8
1685729809.992474,10
1685729810.105264,10
1685729810.218066,8
1685729810.325282,9
1685729810.435315,11
1685729810.562096,9
1685729810.676334,11
1685729810.782784,11
1685729810.887630,9
1685729810.993716,9
1685729811.107749,8
1685729811.221561,9
1685729811.335738,10
1685729811.448692,8
1685729811.561866,10
1685729811.674920,10
1685729811.788124,9
1685729811.901323,9
1685729812.014341,10
1685729812.127187,9
1685729812.240889,9
1685729812.354639,9
1685729812.467562,9
1685729812.587929,9
1685729812.701298,8
1685729812.814561,9
1685729812.928356,8
1685729813.041561,9
1685729813.154792,9
1685729813.267900,9
1685729813.375848,8
1685729813.489830,10
1685729813.598330,11
1685729813.711709,9
1685729813.824266,8
1685729813.936198,9
1685729814.049334,8
1685729814.162734,9
1685729814.275658,8
1685729814.389437,10
1685729814.496621,10
1685729814.610021,8
1685729814.715262,8
1685729814.827623,9
1685729814.940333,8
1685729815.043608,10
1685729815.146913,9
1685729815.253236,10
1685729815.365671,9
1685729815.478652,9
1685729815.591684,8
1685729815.705410,10
1685729815.819007,10
1685729815.926013,10
1685729816.057640,9
1685729816.163307,10
1685729816.270805,9
1685729816.375433,10
1685729816.487918,9
1685729816.601484,10
1685729816.715224,9
1685729816.828315,9
1685729816.941371,9
1685729817.054349,8
1685729817.167499,9
1685729817.280556,9
1685729817.393638,9
1685729817.506625,10
1685729817.619926,4
1685729817.733320,3
1685729817.846500,5
1685729817.959553,6
1685729818.072509,6
1685729818.185279,6
1685729818.298002,8
1685729818.402811,5
1685729818.519086,7
1685729818.632725,8
1685729818.746473,7
1685729818.859411,9
1685729818.972254,7
1685729819.085375,8
1685729819.198478,10
1685729819.311102,9
1685729819.424408,12
1685729819.537621,12
1685729819.643694,10
1685729819.756879,10
1685729819.870126,10
1685729819.983881,9
1685729820.097078,10
1685729820.204830,10
1685729820.318651,11
1685729820.431831,11
1685729820.545434,11
1685729820.658732,11
1685729820.772266,11
1685729820.885376,10
1685729820.998493,10
1685729821.111473,11
1685729821.224576,11
1685729821.338230,11
1685729821.442861,13
1685729821.551389,11
1685729821.664217,12
1685729821.770711,12
1685729821.889265,11
1685729822.003239,10
1685729822.116646,9
1685729822.229110,10
1685729822.338133,11
1685729822.448560,11
1685729822.563067,11
1685729822.676203,11
1685729822.789210,11
1685729822.901882,12
1685729823.015000,10
1685729823.128122,10
1685729823.240940,10
1685729823.353824,12
1685729823.467727,11
1685729823.580909,11
1685729823.694013,11
1685729823.801104,10
1685729823.913875,10
1685729824.027402,10
1685729824.140436,9
1685729824.255038,11
1685729824.369128,10
1685729824.482560,10
1685729824.595931,9
1685729824.709159,10
1685729824.822424,10
1685729824.935859,10
1685729825.049058,8
1685729825.164018,9
1685729825.271409,9
1685729825.375715,11
1685729825.489890,8
1685729825.602780,9
1685729825.715958,11
1685729825.822744,9
1685729825.935361,10
1685729826.048398,11
1685729826.161583,11
1685729826.274747,11
1685729826.387857,12
1685729826.501232,10
1685729826.614235,11
1685729826.727216,10
1685729826.840665,10
1685729826.948419,11
1685729827.069383,11
1685729827.174381,11
1685729827.286782,12
1685729827.404972,11
1685729827.519904,10
1685729827.640048,9
1685729827.753700,9
1685729827.866763,6
1685729827.979795,3
1685729828.092940,2
1685729828.203053,3
1685729828.315707,5
1685729828.428219,7
1685729828.535030,5
1685729828.647287,7
1685729828.761250,5
1685729828.874442,5
1685729828.987536,8
1685729829.100545,6
1685729829.213642,8
1685729829.326710,8
1685729829.439730,9
1685729829.552840,9
1685729829.665882,10
1685729829.779027,10
1685729829.892151,10
1685729830.004841,10
1685729830.117457,9
1685729830.231341,9
1685729830.344930,10
1685729830.457247,9
1685729830.570426,9
1685729830.683383,8
1685729830.796649,10
1685729830.909781,8
1685729831.022940,8
1685729831.136100,9
1685729831.249074,10
1685729831.361838,9
1685729831.474475,9
1685729831.587005,9
1685729831.695745,8
1685729831.803403,10
1685729831.916409,9
1685729832.029906,8
1685729832.142876,9
1685729832.255663,8
1685729832.368943,9
1685729832.482062,9
1685729832.587918,11
1685729832.700609,10
1685729832.808317,11
1685729832.914366,9
1685729833.019755,9
1685729833.125347,10
1685729833.238264,9
1685729833.352204,8
1685729833.465216,9
1685729833.573153,8
1685729833.686812,9
1685729833.792136,9
1685729833.904931,10
1685729834.018658,10
1685729834.131740,10
1685729834.245093,9
1685729834.358446,9
1685729834.471354,9
1685729834.584186,10
1685729834.696775,9
1685729834.809231,9
1685729834.922676,10
1685729835.035533,10
1685729835.139019,9
1685729835.252255,9
1685729835.365499,9
1685729835.478333,9
1685729835.592514,10
1685729835.700854,8
1685729835.813904,10
1685729835.927351,9
1685729836.040435,9
1685729836.144272,11
1685729836.256538,9
1685729836.369579,8
1685729836.482719,9
1685729836.595243,8
1685729836.708179,10
1685729836.820674,8
1685729836.934762,10
1685729837.047807,10
1685729837.151333,9
1685729837.257283,8
1685729837.369750,9
1685729837.482638,8
1685729837.587481,9
1685729837.700184,8
1685729837.813276,9
1685729837.919196,10
1685729838.031708,10
1685729838.144747,10
1685729838.251457,5
1685729838.364341,2
1685729838.467847,3
1685729838.580967,2
1685729838.694311,3
1685729838.801695,6
1685729838.915634,4
1685729839.029629,4
1685729839.142714,5
1685729839.255576,5
1685729839.369006,8
1685729839.472928,7
1685729839.585403,7
1685729839.697922,9
1685729839.810715,8
1685729839.923564,7
1685729840.037081,9
1685729840.150216,9
1685729840.263345,11
1685729840.376656,10
1685729840.490027,8
1685729840.603412,9
1685729840.718549,10
1685729840.832506,8
1685729840.946709,10
1685729841.060023,10
1685729841.173284,10
1685729841.286420,8
1685729841.399534,8
1685729841.510811,10
1685729841.624492,9
1685729841.736746,8
1685729841.850281,9
1685729841.963625,9
1685729842.076099,10
1685729842.189407,10
1685729842.302236,8
1685729842.415562,9
1685729842.528158,8
1685729842.641058,8
1685729842.754133,10
1685729842.867557,10
1685729842.980583,10
1685729843.093734,9
1685729843.206463,10
1685729843.313195,11
1685729843.419660,10
1685729843.532579,10
1685729843.638776,9
1685729843.751336,11
1685729843.863162,9
1685729843.975935,10
1685729844.089133,10
1685729844.202922,9
1685729844.315729,9
1685729844.424161,9
1685729844.537416,8
1685729844.652049,10
1685729844.765904,9
1685729844.879191,9
1685729844.991963,11
1685729845.098078,10
1685729845.202585,8
1685729845.315152,9
1685729845.427901,9
1685729845.540992,9
1685729845.644323,9
1685729845.756856,10
1685729845.870055,8
1685729845.983851,10
1685729846.096703,10
1685729846.210491,11
1685729846.323964,9
1685729846.436720,9
1685729846.549727,9
1685729846.653443,10
1685729846.766163,9
1685729846.879523,9
1685729846.992781,10
1685729847.105960,9
1685729847.214859,8
1685729847.317817,9
1685729847.421153,9
1685729847.526816,9
1685729847.640494,8
1685729847.746254,9
1685729847.858678,10
1685729847.971689,10
1685729848.084509,9
1685729848.198100,10
1685729848.310995,10
1685729848.424019,8
1685729848.536898,3
1685729848.651071,2
1685729848.760164,2
1685729848.868939,3
1685729848.977715,3
1685729849.090082,5
1685729849.201873,5
1685729849.314954,5
1685729849.420817,6
1685729849.534061,5
1685729849.648802,7
1685729849.761926,6
1685729849.875916,8
1685729849.989543,7
1685729850.103255,9
1685729850.216570,10
1685729850.329699,9
1685729850.436495,9
1685729850.549443,9
1685729850.662338,8
1685729850.767934,9
1685729850.873737,10
1685729850.986226,9
1685729851.099936,8
1685729851.213725,9
1685729851.320795,9
1685729851.433818,8
1685729851.547144,8
1685729851.660300,10
1685729851.764675,8
1685729851.877353,9
1685729851.992085,8
1685729852.106241,8
1685729852.221541,9
1685729852.334535,9
1685729852.447532,8
1685729852.560935,9
1685729852.665590,8
1685729852.778031,9
1685729852.891270,8
1685729853.004225,8
1685729853.116711,9
1685729853.230697,11
1685729853.343968,10
1685729853.456984,9
1685729853.569838,9
1685729853.674459,9
1685729853.788320,9
1685729853.902173,8
1685729854.007571,10
1685729854.121909,9
1685729854.235816,11
1685729854.343786,11
1685729854.460435,10
1685729854.570343,9
1685729854.683895,8
1685729854.791686,8
1685729854.904149,8
1685729855.018613,8
1685729855.131804,8
1685729855.245068,8
1685729855.358061,9
1685729855.468192,8
1685729855.581982,7
1685729855.695061,8
1685729855.807938,9
1685729855.920810,7
1685729856.033404,8
1685729856.139025,6
1685729856.251261,7
1685729856.363967,7
1685729856.476922,8
1685729856.590264,7
1685729856.703739,7
1685729856.816370,7
1685729856.923482,8
1685729857.036212,8
1685729857.149092,8
1685729857.262187,7
1685729857.375677,7
1685729857.489138,8
1685729857.602241,7
1685729857.715573,8
1685729857.828646,8
1685729857.933937,8
1685729858.047064,9
1685729858.160345,8
1685729858.273473,8
1685729858.386534,9
1685729858.499707,8
1685729858.612943,8
1685729858.727117,6
1685729858.834717,2
1685729858.939713,3
1685729859.052312,3
1685729859.165185,7
1685729859.272174,8
1685729859.384670,9
1685729859.490335,11
1685729859.603112,11
1685729859.710437,12
1685729859.826760,9
1685729859.930056,10
